"Record Length",1000,"Points",-0.002495,0.019100001
"Sample Interval",5E-06,s,-0.00249,0.019100001
"Trigger Point",499,"Samples",-0.002485,0.019100001
"Trigger Time",1.25327546240328E-06,s,-0.00248,0.019100001
"",,,-0.002475,0.019100001
"Horizontal Offset",-0.0025,s,-0.00247,0.019100001
,,,-0.002465,0.019100001
,,,-0.00246,0.019100001
,,,-0.002455,0.019100001
,,,-0.00245,0.019100001
,,,-0.002445,0.019100001
,,,-0.00244,0.019100001
,,,-0.002435,0.019100001
,,,-0.00243,0.019100001
,,,-0.002425,0.019100001
,,,-0.00242,0.019100001
,,,-0.002415,0.019100001
,,,-0.00241,0.019100001
,,,-0.002405,0.019100001
,,,-0.0024,0.019100001
,,,-0.002395,0.019100001
,,,-0.00239,0.019100001
,,,-0.002385,0.019100001
,,,-0.00238,0.019100001
,,,-0.002375,0.019100001
,,,-0.00237,0.019100001
,,,-0.002365,0.019100001
,,,-0.00236,0.019100001
,,,-0.002355,0.019100001
,,,-0.00235,0.019100001
,,,-0.002345,0.019100001
,,,-0.00234,0.019100001
,,,-0.002335,0.019100001
,,,-0.00233,0.019100001
,,,-0.002325,0.019100001
,,,-0.00232,0.019100001
,,,-0.002315,0.019100001
,,,-0.00231,0.019100001
,,,-0.002305,0.019100001
,,,-0.0023,0.019100001
,,,-0.002295,0.019100001
,,,-0.00229,0.019100001
,,,-0.002285,0.019100001
,,,-0.00228,0.019100001
,,,-0.002275,0.019100001
,,,-0.00227,0.019100001
,,,-0.002265,0.019100001
,,,-0.00226,0.019100001
,,,-0.002255,0.019100001
,,,-0.00225,0.019100001
,,,-0.002245,0.019100001
,,,-0.00224,0.019100001
,,,-0.002235,0.019100001
,,,-0.00223,0.019100001
,,,-0.002225,0.019100001
,,,-0.00222,0.019100001
,,,-0.002215,0.019100001
,,,-0.00221,0.019100001
,,,-0.002205,0.019100001
,,,-0.0022,0.019100001
,,,-0.002195,0.019100001
,,,-0.00219,0.019100001
,,,-0.002185,0.019100001
,,,-0.00218,0.019100001
,,,-0.002175,0.019100001
,,,-0.00217,0.019100001
,,,-0.002165,0.019100001
,,,-0.00216,0.019100001
,,,-0.002155,0.019100001
,,,-0.00215,0.019100001
,,,-0.002145,0.019100001
,,,-0.00214,0.019100001
,,,-0.002135,0.019100001
,,,-0.00213,0.019100001
,,,-0.002125,0.019100001
,,,-0.00212,0.019100001
,,,-0.002115,0.019100001
,,,-0.00211,0.019100001
,,,-0.002105,0.019100001
,,,-0.0021,0.019100001
,,,-0.002095,0.019100001
,,,-0.00209,0.019100001
,,,-0.002085,0.019100001
,,,-0.00208,0.019100001
,,,-0.002075,0.019100001
,,,-0.00207,0.019100001
,,,-0.002065,0.019100001
,,,-0.00206,0.019100001
,,,-0.002055,0.019100001
,,,-0.00205,0.019100001
,,,-0.002045,0.019100001
,,,-0.00204,0.019100001
,,,-0.002035,0.019100001
,,,-0.00203,0.019100001
,,,-0.002025,0.019100001
,,,-0.00202,0.019100001
,,,-0.002015,0.019100001
,,,-0.00201,0.019100001
,,,-0.002005,0.019100001
,,,-0.002,0.019100001
,,,-0.001995,0.019100001
,,,-0.00199,0.019100001
,,,-0.001985,0.019100001
,,,-0.00198,0.019100001
,,,-0.001975,0.019100001
,,,-0.00197,0.019100001
,,,-0.001965,0.019100001
,,,-0.00196,0.019100001
,,,-0.001955,0.019100001
,,,-0.00195,0.019100001
,,,-0.001945,0.019100001
,,,-0.00194,0.019100001
,,,-0.001935,0.019100001
,,,-0.00193,0.019100001
,,,-0.001925,0.019100001
,,,-0.00192,0.019100001
,,,-0.001915,0.019100001
,,,-0.00191,0.019100001
,,,-0.001905,0.019100001
,,,-0.0019,0.019100001
,,,-0.001895,0.019100001
,,,-0.00189,0.019100001
,,,-0.001885,0.019100001
,,,-0.00188,0.019100001
,,,-0.001875,0.019100001
,,,-0.00187,0.019100001
,,,-0.001865,0.019100001
,,,-0.00186,0.019100001
,,,-0.001855,0.019100001
,,,-0.00185,0.019100001
,,,-0.001845,0.019100001
,,,-0.00184,0.019100001
,,,-0.001835,0.019100001
,,,-0.00183,0.019100001
,,,-0.001825,0.019100001
,,,-0.00182,0.019100001
,,,-0.001815,0.019100001
,,,-0.00181,0.019100001
,,,-0.001805,0.019100001
,,,-0.0018,0.019100001
,,,-0.001795,0.019100001
,,,-0.00179,0.019100001
,,,-0.001785,0.019100001
,,,-0.00178,0.019100001
,,,-0.001775,0.019100001
,,,-0.00177,0.019100001
,,,-0.001765,0.019100001
,,,-0.00176,0.019100001
,,,-0.001755,0.019100001
,,,-0.00175,0.019100001
,,,-0.001745,0.019100001
,,,-0.00174,0.019100001
,,,-0.001735,0.019100001
,,,-0.00173,0.019100001
,,,-0.001725,0.019100001
,,,-0.00172,0.019100001
,,,-0.001715,0.019100001
,,,-0.00171,0.019100001
,,,-0.001705,0.019100001
,,,-0.0017,0.019100001
,,,-0.001695,0.019100001
,,,-0.00169,0.019100001
,,,-0.001685,0.019100001
,,,-0.00168,0.019100001
,,,-0.001675,0.019100001
,,,-0.00167,0.019100001
,,,-0.001665,0.019100001
,,,-0.00166,0.019100001
,,,-0.001655,0.019100001
,,,-0.00165,0.019100001
,,,-0.001645,0.019100001
,,,-0.00164,0.019100001
,,,-0.001635,0.019100001
,,,-0.00163,0.019100001
,,,-0.001625,0.019100001
,,,-0.00162,0.019100001
,,,-0.001615,0.019100001
,,,-0.00161,0.019100001
,,,-0.001605,0.019100001
,,,-0.0016,0.019100001
,,,-0.001595,0.019100001
,,,-0.00159,0.019100001
,,,-0.001585,0.019100001
,,,-0.00158,0.019100001
,,,-0.001575,0.019100001
,,,-0.00157,0.019100001
,,,-0.001565,0.019100001
,,,-0.00156,0.019100001
,,,-0.001555,0.019100001
,,,-0.00155,0.019100001
,,,-0.001545,0.019100001
,,,-0.00154,0.019100001
,,,-0.001535,0.019100001
,,,-0.00153,0.019100001
,,,-0.001525,0.019100001
,,,-0.00152,0.019100001
,,,-0.001515,0.019100001
,,,-0.00151,0.019100001
,,,-0.001505,0.019100001
,,,-0.0015,0.019100001
,,,-0.001495,0.019100001
,,,-0.00149,0.019100001
,,,-0.001485,0.019100001
,,,-0.00148,0.019100001
,,,-0.001475,0.019100001
,,,-0.00147,0.019100001
,,,-0.001465,0.019100001
,,,-0.00146,0.019100001
,,,-0.001455,0.019100001
,,,-0.00145,0.019100001
,,,-0.001445,0.019100001
,,,-0.00144,0.019100001
,,,-0.001435,0.019100001
,,,-0.00143,0.019100001
,,,-0.001425,0.019100001
,,,-0.00142,0.019100001
,,,-0.001415,0.019100001
,,,-0.00141,0.019100001
,,,-0.001405,0.019100001
,,,-0.0014,0.019100001
,,,-0.001395,0.019100001
,,,-0.00139,0.019100001
,,,-0.001385,0.019100001
,,,-0.00138,0.019100001
,,,-0.001375,0.019100001
,,,-0.00137,0.019100001
,,,-0.001365,0.019100001
,,,-0.00136,0.019100001
,,,-0.001355,0.019100001
,,,-0.00135,0.019100001
,,,-0.001345,0.019100001
,,,-0.00134,0.019100001
,,,-0.001335,0.019100001
,,,-0.00133,0.019100001
,,,-0.001325,0.019100001
,,,-0.00132,0.019100001
,,,-0.001315,0.019100001
,,,-0.00131,0.019100001
,,,-0.001305,0.019100001
,,,-0.0013,0.019100001
,,,-0.001295,0.019100001
,,,-0.00129,0.019100001
,,,-0.001285,0.019100001
,,,-0.00128,0.019100001
,,,-0.001275,0.019100001
,,,-0.00127,0.019100001
,,,-0.001265,0.019100001
,,,-0.00126,0.019100001
,,,-0.001255,0.019100001
,,,-0.00125,0.019100001
,,,-0.001245,0.019100001
,,,-0.00124,0.019100001
,,,-0.001235,0.019100001
,,,-0.00123,0.019100001
,,,-0.001225,0.019100001
,,,-0.00122,0.019100001
,,,-0.001215,0.019100001
,,,-0.00121,0.019100001
,,,-0.001205,0.019100001
,,,-0.0012,0.019100001
,,,-0.001195,0.019100001
,,,-0.00119,0.019100001
,,,-0.001185,0.019100001
,,,-0.00118,0.019100001
,,,-0.001175,0.019100001
,,,-0.00117,0.019100001
,,,-0.001165,0.019100001
,,,-0.00116,0.019100001
,,,-0.001155,0.019100001
,,,-0.00115,0.019100001
,,,-0.001145,0.019100001
,,,-0.00114,0.019100001
,,,-0.001135,0.019100001
,,,-0.00113,0.019100001
,,,-0.001125,0.019100001
,,,-0.00112,0.019100001
,,,-0.001115,0.019100001
,,,-0.00111,0.019100001
,,,-0.001105,0.019100001
,,,-0.0011,0.019100001
,,,-0.001095,0.019100001
,,,-0.00109,0.019100001
,,,-0.001085,0.019100001
,,,-0.00108,0.019100001
,,,-0.001075,0.019100001
,,,-0.00107,0.019100001
,,,-0.001065,0.019100001
,,,-0.00106,0.019100001
,,,-0.001055,0.019100001
,,,-0.00105,0.019100001
,,,-0.001045,0.019100001
,,,-0.00104,0.019100001
,,,-0.001035,0.019100001
,,,-0.00103,0.019100001
,,,-0.001025,0.019100001
,,,-0.00102,0.019100001
,,,-0.001015,0.019100001
,,,-0.00101,0.019100001
,,,-0.001005,0.019100001
,,,-0.001,0.019100001
,,,-0.000995,0.019100001
,,,-0.00099,0.019100001
,,,-0.000985,0.019100001
,,,-0.00098,0.019100001
,,,-0.000975,0.019100001
,,,-0.00097,0.019100001
,,,-0.000965,0.019100001
,,,-0.00096,0.019100001
,,,-0.000955,0.019100001
,,,-0.00095,0.019100001
,,,-0.000945,0.019100001
,,,-0.00094,0.019100001
,,,-0.000935,0.019100001
,,,-0.00093,0.019100001
,,,-0.000925,0.019100001
,,,-0.00092,0.019100001
,,,-0.000915,0.019100001
,,,-0.00091,0.019100001
,,,-0.000905,0.019100001
,,,-0.0009,0.019100001
,,,-0.000895,0.019100001
,,,-0.00089,0.019100001
,,,-0.000885,0.019100001
,,,-0.00088,0.019100001
,,,-0.000875,0.019100001
,,,-0.00087,0.019100001
,,,-0.000865,0.019100001
,,,-0.00086,0.019100001
,,,-0.000855,0.019100001
,,,-0.00085,0.019100001
,,,-0.000845,0.019100001
,,,-0.00084,0.019100001
,,,-0.000835,0.019100001
,,,-0.00083,0.019100001
,,,-0.000825,0.019100001
,,,-0.00082,0.019100001
,,,-0.000815,0.019100001
,,,-0.00081,0.019100001
,,,-0.000805,0.019100001
,,,-0.0008,0.019100001
,,,-0.000795,0.019100001
,,,-0.00079,0.019100001
,,,-0.000785,0.019100001
,,,-0.00078,0.019100001
,,,-0.000775,0.019100001
,,,-0.00077,0.019100001
,,,-0.000765,0.019100001
,,,-0.00076,0.019100001
,,,-0.000755,0.019100001
,,,-0.00075,0.019100001
,,,-0.000745,0.019100001
,,,-0.00074,0.019100001
,,,-0.000735,0.019100001
,,,-0.00073,0.019100001
,,,-0.000725,0.019100001
,,,-0.00072,0.019100001
,,,-0.000715,0.019100001
,,,-0.00071,0.019100001
,,,-0.000705,0.019100001
,,,-0.0007,0.019100001
,,,-0.000695,0.019100001
,,,-0.00069,0.019100001
,,,-0.000685,0.019100001
,,,-0.00068,0.019100001
,,,-0.000675,0.019100001
,,,-0.00067,0.019100001
,,,-0.000665,0.019100001
,,,-0.00066,0.019100001
,,,-0.000655,0.019100001
,,,-0.00065,0.019100001
,,,-0.000645,0.019100001
,,,-0.00064,0.019100001
,,,-0.000635,0.019100001
,,,-0.00063,0.019100001
,,,-0.000625,0.019100001
,,,-0.00062,0.019100001
,,,-0.000615,0.019100001
,,,-0.00061,0.019100001
,,,-0.000605,0.019100001
,,,-0.0006,0.019100001
,,,-0.000595,0.019100001
,,,-0.00059,0.019100001
,,,-0.000585,0.019100001
,,,-0.00058,0.019100001
,,,-0.000575,0.019100001
,,,-0.00057,0.019100001
,,,-0.000565,0.019100001
,,,-0.00056,0.019100001
,,,-0.000555,0.019100001
,,,-0.00055,0.019100001
,,,-0.000545,0.019100001
,,,-0.00054,0.019100001
,,,-0.000535,0.019100001
,,,-0.00053,0.019100001
,,,-0.000525,0.019100001
,,,-0.00052,0.019100001
,,,-0.000515,0.019100001
,,,-0.00051,0.019100001
,,,-0.000505,0.019100001
,,,-0.0005,0.019100001
,,,-0.000495,0.019100001
,,,-0.00049,0.019100001
,,,-0.000485,0.019100001
,,,-0.00048,0.019100001
,,,-0.000475,0.019100001
,,,-0.00047,0.019100001
,,,-0.000465,0.019100001
,,,-0.00046,0.019100001
,,,-0.000455,0.019100001
,,,-0.00045,0.019100001
,,,-0.000445,0.019100001
,,,-0.00044,0.019100001
,,,-0.000435,0.019100001
,,,-0.00043,0.019100001
,,,-0.000425,0.019100001
,,,-0.00042,0.019100001
,,,-0.000415,0.019100001
,,,-0.00041,0.019100001
,,,-0.000405,0.019100001
,,,-0.0004,0.019100001
,,,-0.000395,0.019100001
,,,-0.00039,0.019100001
,,,-0.000385,0.019100001
,,,-0.00038,0.019100001
,,,-0.000375,0.019100001
,,,-0.00037,0.019100001
,,,-0.000365,0.019100001
,,,-0.00036,0.019100001
,,,-0.000355,0.019100001
,,,-0.00035,0.019100001
,,,-0.000345,0.019100001
,,,-0.00034,0.019100001
,,,-0.000335,0.019100001
,,,-0.00033,0.019100001
,,,-0.000325,0.019100001
,,,-0.00032,0.019100001
,,,-0.000315,0.019100001
,,,-0.00031,0.019100001
,,,-0.000305,0.019100001
,,,-0.0003,0.019100001
,,,-0.000295,0.019100001
,,,-0.00029,0.019100001
,,,-0.000285,0.019100001
,,,-0.00028,0.019100001
,,,-0.000275,0.019100001
,,,-0.00027,0.019100001
,,,-0.000265,0.019100001
,,,-0.00026,0.019100001
,,,-0.000255,0.019100001
,,,-0.00025,0.019100001
,,,-0.000245,0.019100001
,,,-0.00024,0.019100001
,,,-0.000235,0.019100001
,,,-0.00023,0.019100001
,,,-0.000225,0.019100001
,,,-0.00022,0.019100001
,,,-0.000215,0.019100001
,,,-0.00021,0.019100001
,,,-0.000205,0.019100001
,,,-0.0002,0.019100001
,,,-0.000195,0.019100001
,,,-0.00019,0.019100001
,,,-0.000185,0.019100001
,,,-0.00018,0.019100001
,,,-0.000175,0.019100001
,,,-0.00017,0.019100001
,,,-0.000165,0.019100001
,,,-0.00016,0.019100001
,,,-0.000155,0.019100001
,,,-0.00015,0.019100001
,,,-0.000145,0.019100001
,,,-0.00014,0.019100001
,,,-0.000135,0.019100001
,,,-0.00013,0.019100001
,,,-0.000125,0.019100001
,,,-0.00012,0.019100001
,,,-0.000115,0.019100001
,,,-0.00011,0.019100001
,,,-0.000105,0.019100001
,,,-0.0001,0.019100001
,,,-9.5E-05,0.019100001
,,,-9E-05,0.019100001
,,,-8.5E-05,0.019100001
,,,-8E-05,0.019100001
,,,-7.5E-05,0.019100001
,,,-7E-05,0.019100001
,,,-6.5E-05,0.019100001
,,,-6E-05,0.019100001
,,,-5.5E-05,0.019100001
,,,-5E-05,0.019100001
,,,-4.5E-05,0.019100001
,,,-4E-05,0.019100001
,,,-3.5E-05,0.019100001
,,,-3E-05,0.019100001
,,,-2.5E-05,0.019100001
,,,-2E-05,0.019100001
,,,-1.5E-05,0.019100001
,,,-1E-05,0.019100001
,,,-5E-06,0.019100001
,,,0,0.019100001
,,,5E-06,0.019100001
,,,1E-05,0.019100001
,,,1.5E-05,0.019100001
,,,2E-05,0.019100001
,,,2.5E-05,0.019100001
,,,3E-05,0.019100001
,,,3.5E-05,0.019100001
,,,4E-05,0.019100001
,,,4.5E-05,0.019100001
,,,5E-05,0.019100001
,,,5.5E-05,0.019100001
,,,6E-05,0.019100001
,,,6.5E-05,0.019100001
,,,7E-05,0.019100001
,,,7.5E-05,0.019100001
,,,8E-05,0.019100001
,,,8.5E-05,0.019100001
,,,9E-05,0.019100001
,,,9.5E-05,0.019100001
,,,0.0001,0.019100001
,,,0.000105,0.019100001
,,,0.00011,0.019100001
,,,0.000115,0.019100001
,,,0.00012,0.019100001
,,,0.000125,0.019100001
,,,0.00013,0.019100001
,,,0.000135,0.019100001
,,,0.00014,0.019100001
,,,0.000145,0.019100001
,,,0.00015,0.019100001
,,,0.000155,0.019100001
,,,0.00016,0.019100001
,,,0.000165,0.019100001
,,,0.00017,0.019100001
,,,0.000175,0.019100001
,,,0.00018,0.019100001
,,,0.000185,0.019100001
,,,0.00019,0.019100001
,,,0.000195,0.019100001
,,,0.0002,0.019100001
,,,0.000205,0.019100001
,,,0.00021,0.019100001
,,,0.000215,0.019100001
,,,0.00022,0.019100001
,,,0.000225,0.019100001
,,,0.00023,0.019100001
,,,0.000235,0.019100001
,,,0.00024,0.019100001
,,,0.000245,0.019100001
,,,0.00025,0.019100001
,,,0.000255,0.019100001
,,,0.00026,0.019100001
,,,0.000265,0.019100001
,,,0.00027,0.019100001
,,,0.000275,0.019100001
,,,0.00028,0.019100001
,,,0.000285,0.019100001
,,,0.00029,0.019100001
,,,0.000295,0.019100001
,,,0.0003,0.019100001
,,,0.000305,0.019100001
,,,0.00031,0.019100001
,,,0.000315,0.019100001
,,,0.00032,0.019100001
,,,0.000325,0.019100001
,,,0.00033,0.019100001
,,,0.000335,0.019100001
,,,0.00034,0.019100001
,,,0.000345,0.019100001
,,,0.00035,0.019100001
,,,0.000355,0.019100001
,,,0.00036,0.019100001
,,,0.000365,0.019100001
,,,0.00037,0.019100001
,,,0.000375,0.019100001
,,,0.00038,0.019100001
,,,0.000385,0.019100001
,,,0.00039,0.019100001
,,,0.000395,0.019100001
,,,0.0004,0.019100001
,,,0.000405,0.019100001
,,,0.00041,0.019100001
,,,0.000415,0.019100001
,,,0.00042,0.019100001
,,,0.000425,0.019100001
,,,0.00043,0.019100001
,,,0.000435,0.019100001
,,,0.00044,0.019100001
,,,0.000445,0.019100001
,,,0.00045,0.019100001
,,,0.000455,0.019100001
,,,0.00046,0.019100001
,,,0.000465,0.019100001
,,,0.00047,0.019100001
,,,0.000475,0.019100001
,,,0.00048,0.019100001
,,,0.000485,0.019100001
,,,0.00049,0.019100001
,,,0.000495,0.019100001
,,,0.0005,0.019100001
,,,0.000505,0.019100001
,,,0.00051,0.019100001
,,,0.000515,0.019100001
,,,0.00052,0.019100001
,,,0.000525,0.019100001
,,,0.00053,0.019100001
,,,0.000535,0.019100001
,,,0.00054,0.019100001
,,,0.000545,0.019100001
,,,0.00055,0.019100001
,,,0.000555,0.019100001
,,,0.00056,0.019100001
,,,0.000565,0.019100001
,,,0.00057,0.019100001
,,,0.000575,0.019100001
,,,0.00058,0.019100001
,,,0.000585,0.019100001
,,,0.00059,0.019100001
,,,0.000595,0.019100001
,,,0.0006,0.019100001
,,,0.000605,0.019100001
,,,0.00061,0.019100001
,,,0.000615,0.019100001
,,,0.00062,0.019100001
,,,0.000625,0.019100001
,,,0.00063,0.019100001
,,,0.000635,0.019100001
,,,0.00064,0.019100001
,,,0.000645,0.019100001
,,,0.00065,0.019100001
,,,0.000655,0.019100001
,,,0.00066,0.019100001
,,,0.000665,0.019100001
,,,0.00067,0.019100001
,,,0.000675,0.019100001
,,,0.00068,0.019100001
,,,0.000685,0.019100001
,,,0.00069,0.019100001
,,,0.000695,0.019100001
,,,0.0007,0.019100001
,,,0.000705,0.019100001
,,,0.00071,0.019100001
,,,0.000715,0.019100001
,,,0.00072,0.019100001
,,,0.000725,0.019100001
,,,0.00073,0.019100001
,,,0.000735,0.019100001
,,,0.00074,0.019100001
,,,0.000745,0.019100001
,,,0.00075,0.019100001
,,,0.000755,0.019100001
,,,0.00076,0.019100001
,,,0.000765,0.019100001
,,,0.00077,0.019100001
,,,0.000775,0.019100001
,,,0.00078,0.019100001
,,,0.000785,0.019100001
,,,0.00079,0.019100001
,,,0.000795,0.019100001
,,,0.0008,0.019100001
,,,0.000805,0.019100001
,,,0.00081,0.019100001
,,,0.000815,0.019100001
,,,0.00082,0.019100001
,,,0.000825,0.019100001
,,,0.00083,0.019100001
,,,0.000835,0.019100001
,,,0.00084,0.019100001
,,,0.000845,0.019100001
,,,0.00085,0.019100001
,,,0.000855,0.019100001
,,,0.00086,0.019100001
,,,0.000865,0.019100001
,,,0.00087,0.019100001
,,,0.000875,0.019100001
,,,0.00088,0.019100001
,,,0.000885,0.019100001
,,,0.00089,0.019100001
,,,0.000895,0.019100001
,,,0.0009,0.019100001
,,,0.000905,0.019100001
,,,0.00091,0.019100001
,,,0.000915,0.019100001
,,,0.00092,0.019100001
,,,0.000925,0.019100001
,,,0.00093,0.019100001
,,,0.000935,0.019100001
,,,0.00094,0.019100001
,,,0.000945,0.019100001
,,,0.00095,0.019100001
,,,0.000955,0.019100001
,,,0.00096,0.019100001
,,,0.000965,0.019100001
,,,0.00097,0.019100001
,,,0.000975,0.019100001
,,,0.00098,0.019100001
,,,0.000985,0.019100001
,,,0.00099,0.019100001
,,,0.000995,0.019100001
,,,0.001,0.019100001
,,,0.001005,0.019100001
,,,0.00101,0.019100001
,,,0.001015,0.019100001
,,,0.00102,0.019100001
,,,0.001025,0.019100001
,,,0.00103,0.019100001
,,,0.001035,0.019100001
,,,0.00104,0.019100001
,,,0.001045,0.019100001
,,,0.00105,0.019100001
,,,0.001055,0.019100001
,,,0.00106,0.019100001
,,,0.001065,0.019100001
,,,0.00107,0.019100001
,,,0.001075,0.019100001
,,,0.00108,0.019100001
,,,0.001085,0.019100001
,,,0.00109,0.019100001
,,,0.001095,0.019100001
,,,0.0011,0.019100001
,,,0.001105,0.019100001
,,,0.00111,0.019100001
,,,0.001115,0.019100001
,,,0.00112,0.019100001
,,,0.001125,0.019100001
,,,0.00113,0.019100001
,,,0.001135,0.019100001
,,,0.00114,0.019100001
,,,0.001145,0.019100001
,,,0.00115,0.019100001
,,,0.001155,0.019100001
,,,0.00116,0.019100001
,,,0.001165,0.019100001
,,,0.00117,0.019100001
,,,0.001175,0.019100001
,,,0.00118,0.019100001
,,,0.001185,0.019100001
,,,0.00119,0.019100001
,,,0.001195,0.019100001
,,,0.0012,0.019100001
,,,0.001205,0.019100001
,,,0.00121,0.019100001
,,,0.001215,0.019100001
,,,0.00122,0.019100001
,,,0.001225,0.019100001
,,,0.00123,0.019100001
,,,0.001235,0.019100001
,,,0.00124,0.019100001
,,,0.001245,0.019100001
,,,0.00125,0.019100001
,,,0.001255,0.019100001
,,,0.00126,0.019100001
,,,0.001265,0.019100001
,,,0.00127,0.019100001
,,,0.001275,0.019100001
,,,0.00128,0.019100001
,,,0.001285,0.019100001
,,,0.00129,0.019100001
,,,0.001295,0.019100001
,,,0.0013,0.019100001
,,,0.001305,0.019100001
,,,0.00131,0.019100001
,,,0.001315,0.019100001
,,,0.00132,0.019100001
,,,0.001325,0.019100001
,,,0.00133,0.019100001
,,,0.001335,0.019100001
,,,0.00134,0.019100001
,,,0.001345,0.019100001
,,,0.00135,0.019100001
,,,0.001355,0.019100001
,,,0.00136,0.019100001
,,,0.001365,0.019100001
,,,0.00137,0.019100001
,,,0.001375,0.019100001
,,,0.00138,0.019100001
,,,0.001385,0.019100001
,,,0.00139,0.019100001
,,,0.001395,0.019100001
,,,0.0014,0.019100001
,,,0.001405,0.019100001
,,,0.00141,0.019100001
,,,0.001415,0.019100001
,,,0.00142,0.019100001
,,,0.001425,0.019100001
,,,0.00143,0.019100001
,,,0.001435,0.019100001
,,,0.00144,0.019100001
,,,0.001445,0.019100001
,,,0.00145,0.019100001
,,,0.001455,0.019100001
,,,0.00146,0.019100001
,,,0.001465,0.019100001
,,,0.00147,0.019100001
,,,0.001475,0.019100001
,,,0.00148,0.019100001
,,,0.001485,0.019100001
,,,0.00149,0.019100001
,,,0.001495,0.019100001
,,,0.0015,0.019100001
,,,0.001505,0.019100001
,,,0.00151,0.019100001
,,,0.001515,0.019100001
,,,0.00152,0.019100001
,,,0.001525,0.019100001
,,,0.00153,0.019100001
,,,0.001535,0.019100001
,,,0.00154,0.019100001
,,,0.001545,0.019100001
,,,0.00155,0.019100001
,,,0.001555,0.019100001
,,,0.00156,0.019100001
,,,0.001565,0.019100001
,,,0.00157,0.019100001
,,,0.001575,0.019100001
,,,0.00158,0.019100001
,,,0.001585,0.019100001
,,,0.00159,0.019100001
,,,0.001595,0.019100001
,,,0.0016,0.019100001
,,,0.001605,0.019100001
,,,0.00161,0.019100001
,,,0.001615,0.019100001
,,,0.00162,0.019100001
,,,0.001625,0.019100001
,,,0.00163,0.019100001
,,,0.001635,0.019100001
,,,0.00164,0.019100001
,,,0.001645,0.019100001
,,,0.00165,0.019100001
,,,0.001655,0.019100001
,,,0.00166,0.019100001
,,,0.001665,0.019100001
,,,0.00167,0.019100001
,,,0.001675,0.019100001
,,,0.00168,0.019100001
,,,0.001685,0.019100001
,,,0.00169,0.019100001
,,,0.001695,0.019100001
,,,0.0017,0.019100001
,,,0.001705,0.019100001
,,,0.00171,0.019100001
,,,0.001715,0.019100001
,,,0.00172,0.019100001
,,,0.001725,0.019100001
,,,0.00173,0.019100001
,,,0.001735,0.019100001
,,,0.00174,0.019100001
,,,0.001745,0.019100001
,,,0.00175,0.019100001
,,,0.001755,0.019100001
,,,0.00176,0.019100001
,,,0.001765,0.019100001
,,,0.00177,0.019100001
,,,0.001775,0.019100001
,,,0.00178,0.019100001
,,,0.001785,0.019100001
,,,0.00179,0.019100001
,,,0.001795,0.019100001
,,,0.0018,0.019100001
,,,0.001805,0.019100001
,,,0.00181,0.019100001
,,,0.001815,0.019100001
,,,0.00182,0.019100001
,,,0.001825,0.019100001
,,,0.00183,0.019100001
,,,0.001835,0.019100001
,,,0.00184,0.019100001
,,,0.001845,0.019100001
,,,0.00185,0.019100001
,,,0.001855,0.019100001
,,,0.00186,0.019100001
,,,0.001865,0.019100001
,,,0.00187,0.019100001
,,,0.001875,0.019100001
,,,0.00188,0.019100001
,,,0.001885,0.019100001
,,,0.00189,0.019100001
,,,0.001895,0.019100001
,,,0.0019,0.019100001
,,,0.001905,0.019100001
,,,0.00191,0.019100001
,,,0.001915,0.019100001
,,,0.00192,0.019100001
,,,0.001925,0.019100001
,,,0.00193,0.019100001
,,,0.001935,0.019100001
,,,0.00194,0.019100001
,,,0.001945,0.019100001
,,,0.00195,0.019100001
,,,0.001955,0.019100001
,,,0.00196,0.019100001
,,,0.001965,0.019100001
,,,0.00197,0.019100001
,,,0.001975,0.019100001
,,,0.00198,0.019100001
,,,0.001985,0.019100001
,,,0.00199,0.019100001
,,,0.001995,0.019100001
,,,0.002,0.019100001
,,,0.002005,0.019100001
,,,0.00201,0.019100001
,,,0.002015,0.019100001
,,,0.00202,0.019100001
,,,0.002025,0.019100001
,,,0.00203,0.019100001
,,,0.002035,0.019100001
,,,0.00204,0.019100001
,,,0.002045,0.019100001
,,,0.00205,0.019100001
,,,0.002055,0.019100001
,,,0.00206,0.019100001
,,,0.002065,0.019100001
,,,0.00207,0.019100001
,,,0.002075,0.019100001
,,,0.00208,0.019100001
,,,0.002085,0.019100001
,,,0.00209,0.019100001
,,,0.002095,0.019100001
,,,0.0021,0.019100001
,,,0.002105,0.019100001
,,,0.00211,0.019100001
,,,0.002115,0.019100001
,,,0.00212,0.019100001
,,,0.002125,0.019100001
,,,0.00213,0.019100001
,,,0.002135,0.019100001
,,,0.00214,0.019100001
,,,0.002145,0.019100001
,,,0.00215,0.019100001
,,,0.002155,0.019100001
,,,0.00216,0.019100001
,,,0.002165,0.019100001
,,,0.00217,0.019100001
,,,0.002175,0.019100001
,,,0.00218,0.019100001
,,,0.002185,0.019100001
,,,0.00219,0.019100001
,,,0.002195,0.019100001
,,,0.0022,0.019100001
,,,0.002205,0.019100001
,,,0.00221,0.019100001
,,,0.002215,0.019100001
,,,0.00222,0.019100001
,,,0.002225,0.019100001
,,,0.00223,0.019100001
,,,0.002235,0.019100001
,,,0.00224,0.019100001
,,,0.002245,0.019100001
,,,0.00225,0.019100001
,,,0.002255,0.019100001
,,,0.00226,0.019100001
,,,0.002265,0.019100001
,,,0.00227,0.019100001
,,,0.002275,0.019100001
,,,0.00228,0.019100001
,,,0.002285,0.019100001
,,,0.00229,0.019100001
,,,0.002295,0.019100001
,,,0.0023,0.019100001
,,,0.002305,0.019100001
,,,0.00231,0.019100001
,,,0.002315,0.019100001
,,,0.00232,0.019100001
,,,0.002325,0.019100001
,,,0.00233,0.019100001
,,,0.002335,0.019100001
,,,0.00234,0.019100001
,,,0.002345,0.019100001
,,,0.00235,0.019100001
,,,0.002355,0.019100001
,,,0.00236,0.019100001
,,,0.002365,0.019100001
,,,0.00237,0.019100001
,,,0.002375,0.019100001
,,,0.00238,0.019100001
,,,0.002385,0.019100001
,,,0.00239,0.019100001
,,,0.002395,0.019100001
,,,0.0024,0.019100001
,,,0.002405,0.019100001
,,,0.00241,0.019100001
,,,0.002415,0.019100001
,,,0.00242,0.019100001
,,,0.002425,0.019100001
,,,0.00243,0.019100001
,,,0.002435,0.019100001
,,,0.00244,0.019100001
,,,0.002445,0.019100001
,,,0.00245,0.019100001
,,,0.002455,0.019100001
,,,0.00246,0.019100001
,,,0.002465,0.019100001
,,,0.00247,0.019100001
,,,0.002475,0.019100001
,,,0.00248,0.019100001
,,,0.002485,0.019100001
,,,0.00249,0.019100001
,,,0.002495,0.019100001
,,,0.0025,0.019100001
